This is cutadapt 1.18 with Python 2.7.14
Command line parameters: -a TAGTCCCTTAAGCGGAGCCCTATAG -m 20 /project/projects/def-wyeth/RICHMOND/MEASDAY/RAW_DATA/20190129/Rpc53WT_S1_L001_R1_001.fastq.gz.5primetrimmed.fastq -o /project/projects/def-wyeth/RICHMOND/MEASDAY/RAW_DATA/20190129/Rpc53WT_S1_L001_R1_001.fastq.gz.5primetrimmed.3primetrimmed.fastq
Processing reads on 1 core in single-end mode ...
Finished in 112.92 s (16 us/read; 3.77 M reads/minute).

=== Summary ===

Total reads processed:               7,089,971
Reads with adapters:                 6,229,062 (87.9%)
Reads that were too short:           1,469,331 (20.7%)
Reads written (passing filters):     5,620,640 (79.3%)

Total basepairs processed: 1,035,135,766 bp
Total written (filtered):    462,958,954 bp (44.7%)

=== Adapter 1 ===

Sequence: TAGTCCCTTAAGCGGAGCCCTATAG; Type: regular 3'; Length: 25; Trimmed: 6229062 times.

No. of allowed errors:
0-9 bp: 0; 10-19 bp: 1; 20-25 bp: 2

Bases preceding removed adapters:
  A: 1.3%
  C: 0.5%
  G: 0.4%
  T: 88.3%
  none/other: 9.6%
WARNING:
    The adapter is preceded by "T" extremely often.
    The provided adapter sequence could be incomplete at its 3' end.

Overview of removed sequences
length	count	expect	max.err	error counts
3	21413	110780.8	0	21413
4	27293	27695.2	0	27293
5	15798	6923.8	0	15798
6	17321	1730.9	0	17321
7	17276	432.7	0	17276
8	13505	108.2	0	13505
9	12263	27.0	0	12216 47
10	14422	6.8	1	13601 821
11	16488	1.7	1	15519 969
12	13732	0.4	1	12873 859
13	13205	0.1	1	12476 729
14	11439	0.0	1	10659 780
15	21002	0.0	1	19821 1181
16	20608	0.0	1	19210 1398
17	14870	0.0	1	14407 463
18	29528	0.0	1	27826 1700 2
19	16304	0.0	1	15876 424 4
20	15859	0.0	2	15010 732 117
21	26597	0.0	2	25097 1401 99
22	30316	0.0	2	29094 1018 204
23	31150	0.0	2	29103 1897 150
24	26072	0.0	2	23992 1807 273
25	28316	0.0	2	26044 2048 224
26	26760	0.0	2	24742 1847 171
27	22458	0.0	2	21169 1087 202
28	30935	0.0	2	28620 2077 238
29	20213	0.0	2	18983 1014 216
30	78789	0.0	2	75946 2433 410
31	32136	0.0	2	30761 1097 278
32	23748	0.0	2	22722 840 186
33	19662	0.0	2	18778 706 178
34	36753	0.0	2	35173 1260 320
35	52182	0.0	2	50355 1492 335
36	23313	0.0	2	22275 865 173
37	31097	0.0	2	29799 1112 186
38	32918	0.0	2	31680 1032 206
39	23307	0.0	2	22399 664 244
40	28485	0.0	2	27389 887 209
41	65408	0.0	2	63255 1868 285
42	28047	0.0	2	27071 848 128
43	52038	0.0	2	50401 1386 251
44	34121	0.0	2	32866 1052 203
45	30823	0.0	2	29766 842 215
46	41355	0.0	2	39626 1474 255
47	51262	0.0	2	49330 1493 439
48	42607	0.0	2	41001 1364 242
49	28251	0.0	2	26868 1186 197
50	26659	0.0	2	25560 966 133
51	29608	0.0	2	28221 1099 288
52	44328	0.0	2	42669 1440 219
53	50712	0.0	2	48724 1699 289
54	28859	0.0	2	27744 928 187
55	35523	0.0	2	34099 1134 290
56	25128	0.0	2	24010 934 184
57	41639	0.0	2	39918 1472 249
58	26893	0.0	2	25706 932 255
59	47732	0.0	2	45922 1458 352
60	29242	0.0	2	28020 1011 211
61	34943	0.0	2	33373 1340 230
62	29240	0.0	2	28146 958 136
63	24245	0.0	2	23074 1002 169
64	29648	0.0	2	28367 1116 165
65	28185	0.0	2	27005 950 230
66	39987	0.0	2	38446 1286 255
67	31493	0.0	2	30360 932 201
68	33843	0.0	2	32585 1074 184
69	37661	0.0	2	36255 1155 251
70	52788	0.0	2	50640 1720 428
71	29741	0.0	2	28456 1068 217
72	37435	0.0	2	36367 920 148
73	35308	0.0	2	33957 1105 246
74	30753	0.0	2	29702 832 219
75	28671	0.0	2	27411 1028 232
76	32598	0.0	2	31284 1114 200
77	48322	0.0	2	46618 1389 315
78	21987	0.0	2	20874 959 154
79	44672	0.0	2	43179 1245 248
80	44523	0.0	2	42946 1251 326
81	39448	0.0	2	37954 1250 244
82	42055	0.0	2	40241 1492 322
83	54108	0.0	2	52399 1452 257
84	36043	0.0	2	34817 1060 166
85	40559	0.0	2	39002 1310 247
86	37736	0.0	2	36358 1224 154
87	32986	0.0	2	31781 1052 153
88	28105	0.0	2	26663 1159 283
89	47841	0.0	2	45864 1770 207
90	44882	0.0	2	43220 1383 279
91	36483	0.0	2	34999 1243 241
92	37953	0.0	2	36558 1175 220
93	35943	0.0	2	34470 1227 246
94	30097	0.0	2	28902 992 203
95	63507	0.0	2	61062 2092 353
96	38338	0.0	2	36860 1216 262
97	35641	0.0	2	34324 1184 133
98	43969	0.0	2	42260 1535 174
99	42131	0.0	2	40492 1391 248
100	67255	0.0	2	64831 2118 306
101	40069	0.0	2	38460 1310 299
102	31978	0.0	2	30561 1234 183
103	372338	0.0	2	360748 10127 1463
104	33776	0.0	2	32227 1226 323
105	36858	0.0	2	35173 1478 207
106	54135	0.0	2	51982 1862 291
107	32545	0.0	2	30976 1356 213
108	37469	0.0	2	35676 1459 334
109	36338	0.0	2	34935 1185 218
110	31911	0.0	2	30493 1129 289
111	37502	0.0	2	35974 1227 301
112	40694	0.0	2	39038 1394 262
113	41316	0.0	2	39814 1268 234
114	57357	0.0	2	54994 2001 362
115	33252	0.0	2	31618 1378 256
116	81648	0.0	2	78787 2542 319
117	34916	0.0	2	33341 1271 304
118	79020	0.0	2	76240 2390 390
119	39841	0.0	2	38210 1320 311
120	40799	0.0	2	38492 1946 361
121	50463	0.0	2	48532 1660 271
122	48426	0.0	2	45694 2383 349
123	50379	0.0	2	46343 3622 414
124	58059	0.0	2	55964 1790 305
125	92976	0.0	2	85729 6534 713
126	36775	0.0	2	35256 1249 270
127	40907	0.0	2	37467 3115 325
128	21084	0.0	2	19950 990 144
129	60483	0.0	2	53687 6277 519
130	34307	0.0	2	32793 1316 198
131	38056	0.0	2	33692 3938 426
132	47254	0.0	2	43928 2896 430
133	32224	0.0	2	30825 1139 260
134	52601	0.0	2	35620 16119 862
135	58719	0.0	2	56622 1858 239
136	58807	0.0	2	53250 5138 419
137	36646	0.0	2	30986 5211 449
138	34941	0.0	2	33566 1207 168
139	37884	0.0	2	34541 2853 490
140	14220	0.0	2	11840 637 1743
141	33926	0.0	2	31264 1088 1574
142	139406	0.0	2	132197 3881 3328
143	48629	0.0	2	43906 3972 751
144	39550	0.0	2	36649 1276 1625
145	44154	0.0	2	42449 1584 121
146	595533	0.0	2	4474 22236 568823

WARNING:
    One or more of your adapter sequences may be incomplete.
    Please see the detailed output above.
