This is cutadapt 1.18 with Python 2.7.14
Command line parameters: -a TAGTCCCTTAAGCGGAGCCCTATAG -m 20 /project/projects/def-wyeth/RICHMOND/MEASDAY/RAW_DATA/20190129/Undetermined_S0_L001_R1_001.fastq.gz.5primetrimmed.fastq -o /project/projects/def-wyeth/RICHMOND/MEASDAY/RAW_DATA/20190129/Undetermined_S0_L001_R1_001.fastq.gz.5primetrimmed.3primetrimmed.fastq
Processing reads on 1 core in single-end mode ...
Finished in 9.99 s (17 us/read; 3.46 M reads/minute).

=== Summary ===

Total reads processed:                 575,838
Reads with adapters:                   370,536 (64.3%)
Reads that were too short:              96,760 (16.8%)
Reads written (passing filters):       479,078 (83.2%)

Total basepairs processed:    84,072,348 bp
Total written (filtered):     50,076,501 bp (59.6%)

=== Adapter 1 ===

Sequence: TAGTCCCTTAAGCGGAGCCCTATAG; Type: regular 3'; Length: 25; Trimmed: 370536 times.

No. of allowed errors:
0-9 bp: 0; 10-19 bp: 1; 20-25 bp: 2

Bases preceding removed adapters:
  A: 1.6%
  C: 0.8%
  G: 0.6%
  T: 80.8%
  none/other: 16.3%
WARNING:
    The adapter is preceded by "T" extremely often.
    The provided adapter sequence could be incomplete at its 3' end.

Overview of removed sequences
length	count	expect	max.err	error counts
3	2830	8997.5	0	2830
4	2103	2249.4	0	2103
5	1094	562.3	0	1094
6	1372	140.6	0	1372
7	1365	35.1	0	1365
8	929	8.8	0	929
9	984	2.2	0	976 8
10	1247	0.5	1	1160 87
11	1001	0.1	1	943 58
12	1065	0.0	1	1008 57
13	896	0.0	1	840 56
14	791	0.0	1	740 51
15	1360	0.0	1	1287 73
16	1376	0.0	1	1265 111
17	1011	0.0	1	934 77
18	1817	0.0	1	1663 154
19	1198	0.0	1	1107 90 1
20	1015	0.0	2	917 77 21
21	1617	0.0	2	1464 114 39
22	1755	0.0	2	1566 135 54
23	2021	0.0	2	1764 207 50
24	1783	0.0	2	1514 208 61
25	1834	0.0	2	1612 168 54
26	1651	0.0	2	1417 194 40
27	1241	0.0	2	1070 135 36
28	2124	0.0	2	1839 216 69
29	1259	0.0	2	1098 117 44
30	4103	0.0	2	3634 374 95
31	1478	0.0	2	1300 143 35
32	1335	0.0	2	1163 137 35
33	1142	0.0	2	992 130 20
34	2078	0.0	2	1791 206 81
35	3178	0.0	2	2789 295 94
36	1373	0.0	2	1216 124 33
37	1851	0.0	2	1641 162 48
38	2026	0.0	2	1722 226 78
39	1439	0.0	2	1247 140 52
40	1603	0.0	2	1413 142 48
41	4664	0.0	2	4120 403 141
42	1425	0.0	2	1244 145 36
43	2797	0.0	2	2522 204 71
44	1723	0.0	2	1484 195 44
45	1623	0.0	2	1389 195 39
46	1979	0.0	2	1710 203 66
47	2468	0.0	2	2188 205 75
48	2464	0.0	2	2153 240 71
49	1401	0.0	2	1187 169 45
50	1204	0.0	2	1032 140 32
51	1433	0.0	2	1229 159 45
52	3088	0.0	2	2693 322 73
53	2915	0.0	2	2501 329 85
54	1487	0.0	2	1281 142 64
55	1771	0.0	2	1550 152 69
56	1366	0.0	2	1190 127 49
57	2317	0.0	2	2020 238 59
58	1276	0.0	2	1123 122 31
59	2249	0.0	2	1969 200 80
60	2283	0.0	2	2024 193 66
61	1771	0.0	2	1526 183 62
62	1502	0.0	2	1318 138 46
63	1079	0.0	2	940 109 30
64	1616	0.0	2	1405 164 47
65	1468	0.0	2	1291 142 35
66	1929	0.0	2	1687 176 66
67	1509	0.0	2	1330 140 39
68	1581	0.0	2	1369 161 51
69	1699	0.0	2	1465 171 63
70	2512	0.0	2	2189 255 68
71	1466	0.0	2	1276 146 44
72	10813	0.0	2	9666 898 249
73	1554	0.0	2	1353 146 55
74	1507	0.0	2	1346 120 41
75	1307	0.0	2	1113 153 41
76	1699	0.0	2	1472 167 60
77	2612	0.0	2	2332 229 51
78	1085	0.0	2	931 117 37
79	2359	0.0	2	2096 203 60
80	2300	0.0	2	2071 188 41
81	2184	0.0	2	1885 233 66
82	2140	0.0	2	1847 212 81
83	2921	0.0	2	2568 262 91
84	1890	0.0	2	1651 185 54
85	1888	0.0	2	1651 187 50
86	1736	0.0	2	1503 179 54
87	1673	0.0	2	1436 206 31
88	1378	0.0	2	1182 158 38
89	2203	0.0	2	1868 261 74
90	2319	0.0	2	2020 215 84
91	1808	0.0	2	1556 202 50
92	1873	0.0	2	1632 196 45
93	1633	0.0	2	1436 144 53
94	1445	0.0	2	1265 142 38
95	3637	0.0	2	3108 385 144
96	1746	0.0	2	1501 189 56
97	1664	0.0	2	1410 195 59
98	2714	0.0	2	2359 270 85
99	2006	0.0	2	1741 201 64
100	4039	0.0	2	3471 449 119
101	2111	0.0	2	1820 222 69
102	1608	0.0	2	1374 178 56
103	31560	0.0	2	27120 3155 1285
104	1757	0.0	2	1453 220 84
105	1809	0.0	2	1566 175 68
106	2638	0.0	2	2258 291 89
107	1555	0.0	2	1312 185 58
108	1822	0.0	2	1564 184 74
109	1703	0.0	2	1477 184 42
110	1373	0.0	2	1180 160 33
111	1724	0.0	2	1487 176 61
112	1784	0.0	2	1558 160 66
113	1916	0.0	2	1659 188 69
114	2400	0.0	2	2081 243 76
115	1512	0.0	2	1293 177 42
116	4372	0.0	2	3818 419 135
117	1649	0.0	2	1409 176 64
118	4210	0.0	2	3681 423 106
119	1787	0.0	2	1540 187 60
120	1764	0.0	2	1506 210 48
121	2130	0.0	2	1843 223 64
122	2037	0.0	2	1727 234 76
123	2259	0.0	2	1850 298 111
124	2258	0.0	2	1936 258 64
125	3974	0.0	2	3189 641 144
126	1521	0.0	2	1279 187 55
127	1831	0.0	2	1449 301 81
128	880	0.0	2	730 121 29
129	3051	0.0	2	2234 654 163
130	1383	0.0	2	1195 149 39
131	1581	0.0	2	1248 279 54
132	2115	0.0	2	1714 323 78
133	1288	0.0	2	1099 156 33
134	2529	0.0	2	1284 1086 159
135	2080	0.0	2	1832 196 52
136	2501	0.0	2	2016 414 71
137	1718	0.0	2	1225 419 74
138	1342	0.0	2	1147 166 29
139	1415	0.0	2	1115 256 44
140	736	0.0	2	520 96 120
141	1223	0.0	2	960 149 114
142	5097	0.0	2	4469 401 227
143	2026	0.0	2	1601 355 70
144	1729	0.0	2	1449 131 149
145	1818	0.0	2	1642 154 22
146	60417	0.0	2	296 1605 58516

WARNING:
    One or more of your adapter sequences may be incomplete.
    Please see the detailed output above.
