This is cutadapt 1.18 with Python 2.7.14
Command line parameters: -a TAGTCCCTTAAGCGGAGCCCTATAG -m 20 /project/projects/def-wyeth/RICHMOND/MEASDAY/RAW_DATA/20190129/WT-YM2447_S1_L001_R1_001.fastq.gz.5primetrimmed.fastq -o /project/projects/def-wyeth/RICHMOND/MEASDAY/RAW_DATA/20190129/WT-YM2447_S1_L001_R1_001.fastq.gz.5primetrimmed.3primetrimmed.fastq
Processing reads on 1 core in single-end mode ...
Finished in 116.56 s (16 us/read; 3.65 M reads/minute).

=== Summary ===

Total reads processed:               7,095,997
Reads with adapters:                 5,133,709 (72.3%)
Reads that were too short:           1,101,090 (15.5%)
Reads written (passing filters):     5,994,907 (84.5%)

Total basepairs processed: 1,036,015,562 bp
Total written (filtered):    607,742,671 bp (58.7%)

=== Adapter 1 ===

Sequence: TAGTCCCTTAAGCGGAGCCCTATAG; Type: regular 3'; Length: 25; Trimmed: 5133709 times.

No. of allowed errors:
0-9 bp: 0; 10-19 bp: 1; 20-25 bp: 2

Bases preceding removed adapters:
  A: 1.5%
  C: 0.6%
  G: 0.5%
  T: 88.3%
  none/other: 9.2%
WARNING:
    The adapter is preceded by "T" extremely often.
    The provided adapter sequence could be incomplete at its 3' end.

Overview of removed sequences
length	count	expect	max.err	error counts
3	36397	110875.0	0	36397
4	37508	27718.7	0	37508
5	18659	6929.7	0	18659
6	23210	1732.4	0	23210
7	21767	433.1	0	21767
8	18195	108.3	0	18195
9	17048	27.1	0	16976 72
10	20610	6.8	1	20213 397
11	19755	1.7	1	19347 408
12	19118	0.4	1	18667 451
13	16679	0.1	1	16179 500
14	15666	0.0	1	14747 919
15	27158	0.0	1	26424 734
16	24350	0.0	1	23674 676
17	19993	0.0	1	19268 725
18	33754	0.0	1	32863 891
19	20792	0.0	1	20116 667 9
20	19206	0.0	2	18352 719 135
21	30185	0.0	2	28397 1605 183
22	35187	0.0	2	33225 1674 288
23	35205	0.0	2	32768 2152 285
24	29821	0.0	2	27799 1816 206
25	31112	0.0	2	28988 1937 187
26	27254	0.0	2	25402 1667 185
27	22854	0.0	2	21843 874 137
28	36603	0.0	2	34259 2084 260
29	21221	0.0	2	19909 1061 251
30	94011	0.0	2	90345 3170 496
31	36017	0.0	2	34270 1484 263
32	26598	0.0	2	25390 1080 128
33	20716	0.0	2	19306 1258 152
34	41835	0.0	2	40052 1461 322
35	58953	0.0	2	56484 2113 356
36	24761	0.0	2	22891 1060 810
37	34960	0.0	2	33612 1087 261
38	36717	0.0	2	34231 2139 347
39	25106	0.0	2	23744 1190 172
40	30561	0.0	2	28955 1309 297
41	77088	0.0	2	72463 4217 408
42	28570	0.0	2	26637 1701 232
43	54660	0.0	2	51271 3046 343
44	33882	0.0	2	31740 1916 226
45	30273	0.0	2	28357 1736 180
46	38864	0.0	2	36247 2329 288
47	53784	0.0	2	51554 1944 286
48	48501	0.0	2	46044 2162 295
49	30713	0.0	2	29084 1366 263
50	26000	0.0	2	24138 1651 211
51	27488	0.0	2	26310 1017 161
52	49986	0.0	2	47837 1884 265
53	55107	0.0	2	52849 1992 266
54	29784	0.0	2	28404 1170 210
55	32528	0.0	2	30401 1882 245
56	23564	0.0	2	21952 1409 203
57	40047	0.0	2	37467 2360 220
58	25336	0.0	2	23634 1473 229
59	46966	0.0	2	45192 1550 224
60	27229	0.0	2	25430 1625 174
61	31752	0.0	2	30411 1104 237
62	26619	0.0	2	25409 1067 143
63	21205	0.0	2	20205 896 104
64	25485	0.0	2	24328 970 187
65	27082	0.0	2	25775 1140 167
66	36575	0.0	2	34726 1525 324
67	27999	0.0	2	26663 1129 207
68	27258	0.0	2	25917 1097 244
69	30741	0.0	2	29419 1138 184
70	44298	0.0	2	42511 1473 314
71	24466	0.0	2	23261 999 206
72	69866	0.0	2	67323 2246 297
73	29122	0.0	2	27904 1055 163
74	24568	0.0	2	23654 721 193
75	23412	0.0	2	22132 914 366
76	23842	0.0	2	22669 966 207
77	39677	0.0	2	38147 1314 216
78	15446	0.0	2	14737 587 122
79	35022	0.0	2	33631 1190 201
80	35844	0.0	2	34413 1221 210
81	30998	0.0	2	29654 1090 254
82	27309	0.0	2	26134 930 245
83	39009	0.0	2	37506 1311 192
84	25453	0.0	2	24544 779 130
85	27475	0.0	2	26339 990 146
86	23788	0.0	2	22828 808 152
87	20687	0.0	2	19841 743 103
88	15102	0.0	2	14376 598 128
89	28353	0.0	2	27131 1055 167
90	25201	0.0	2	24156 909 136
91	20101	0.0	2	19147 784 170
92	21941	0.0	2	20976 838 127
93	20046	0.0	2	19236 653 157
94	15993	0.0	2	15315 546 132
95	36969	0.0	2	35480 1243 246
96	19370	0.0	2	18444 828 98
97	18324	0.0	2	17464 743 117
98	24739	0.0	2	23685 871 183
99	19966	0.0	2	19095 739 132
100	42759	0.0	2	41207 1332 220
101	20665	0.0	2	19844 693 128
102	15836	0.0	2	15068 677 91
103	358098	0.0	2	345202 11235 1661
104	17222	0.0	2	16317 729 176
105	18320	0.0	2	17416 746 158
106	30516	0.0	2	29263 1075 178
107	15690	0.0	2	14868 707 115
108	18145	0.0	2	17320 694 131
109	16514	0.0	2	15758 631 125
110	16098	0.0	2	15327 649 122
111	18335	0.0	2	17485 714 136
112	19451	0.0	2	18458 814 179
113	20470	0.0	2	19426 871 173
114	29010	0.0	2	27754 1078 178
115	16385	0.0	2	15630 639 116
116	61862	0.0	2	59469 2115 278
117	18000	0.0	2	17203 659 138
118	47863	0.0	2	46044 1569 250
119	22574	0.0	2	21462 925 187
120	21894	0.0	2	20576 1039 279
121	29307	0.0	2	28003 1096 208
122	30666	0.0	2	28297 2180 189
123	31633	0.0	2	29061 2332 240
124	33769	0.0	2	32404 1149 216
125	66853	0.0	2	58175 7958 720
126	23669	0.0	2	21893 1565 211
127	27897	0.0	2	23637 3859 401
128	14602	0.0	2	13371 1088 143
129	46832	0.0	2	38926 7248 658
130	23382	0.0	2	21718 1477 187
131	26917	0.0	2	22562 4060 295
132	33602	0.0	2	30410 2947 245
133	20897	0.0	2	19905 864 128
134	40330	0.0	2	22049 17500 781
135	36003	0.0	2	34602 1202 199
136	40044	0.0	2	35803 3960 281
137	28564	0.0	2	23320 4882 362
138	23779	0.0	2	22611 986 182
139	27173	0.0	2	22837 4000 336
140	11375	0.0	2	8779 691 1905
141	23345	0.0	2	20484 1252 1609
142	97926	0.0	2	89965 5269 2692
143	39362	0.0	2	34761 4299 302
144	32347	0.0	2	28090 1810 2447
145	35562	0.0	2	34328 1096 138
146	471151	0.0	2	3866 15774 451511

WARNING:
    One or more of your adapter sequences may be incomplete.
    Please see the detailed output above.
