This is cutadapt 1.18 with Python 2.7.14
Command line parameters: -a TAGTCCCTTAAGCGGAGCCCTATAG -m 20 /project/projects/def-wyeth/RICHMOND/MEASDAY/RAW_DATA/20190129/YSC180_S1_L001_R1_001.fastq.gz.5primetrimmed.fastq -o /project/projects/def-wyeth/RICHMOND/MEASDAY/RAW_DATA/20190129/YSC180_S1_L001_R1_001.fastq.gz.5primetrimmed.3primetrimmed.fastq
Processing reads on 1 core in single-end mode ...
Finished in 71.34 s (18 us/read; 3.37 M reads/minute).

=== Summary ===

Total reads processed:               4,007,391
Reads with adapters:                 2,591,131 (64.7%)
Reads that were too short:             495,995 (12.4%)
Reads written (passing filters):     3,511,396 (87.6%)

Total basepairs processed:   585,079,086 bp
Total written (filtered):    359,959,882 bp (61.5%)

=== Adapter 1 ===

Sequence: TAGTCCCTTAAGCGGAGCCCTATAG; Type: regular 3'; Length: 25; Trimmed: 2591131 times.

No. of allowed errors:
0-9 bp: 0; 10-19 bp: 1; 20-25 bp: 2

Bases preceding removed adapters:
  A: 1.3%
  C: 0.7%
  G: 0.5%
  T: 87.3%
  none/other: 10.2%
WARNING:
    The adapter is preceded by "T" extremely often.
    The provided adapter sequence could be incomplete at its 3' end.

Overview of removed sequences
length	count	expect	max.err	error counts
3	19512	62615.5	0	19512
4	18950	15653.9	0	18950
5	8429	3913.5	0	8429
6	9946	978.4	0	9946
7	10163	244.6	0	10163
8	8285	61.1	0	8285
9	8631	15.3	0	8508 123
10	9867	3.8	1	9531 336
11	8505	1.0	1	8272 233
12	8586	0.2	1	8395 191
13	6323	0.1	1	6052 271
14	5982	0.0	1	5759 223
15	12204	0.0	1	11818 386
16	10744	0.0	1	10352 392
17	8593	0.0	1	8380 213
18	16006	0.0	1	15518 488
19	8766	0.0	1	8448 317 1
20	8245	0.0	2	7818 379 48
21	11492	0.0	2	11090 332 70
22	15225	0.0	2	14484 579 162
23	16595	0.0	2	15842 615 138
24	12723	0.0	2	12085 560 78
25	14164	0.0	2	13450 627 87
26	11754	0.0	2	11163 552 39
27	9988	0.0	2	9374 552 62
28	15634	0.0	2	14772 711 151
29	8196	0.0	2	7754 346 96
30	28580	0.0	2	27359 1070 151
31	12078	0.0	2	11298 652 128
32	10474	0.0	2	9843 491 140
33	7559	0.0	2	7232 255 72
34	20099	0.0	2	19137 785 177
35	23733	0.0	2	22600 939 194
36	9959	0.0	2	9379 487 93
37	14228	0.0	2	13563 519 146
38	14327	0.0	2	13575 661 91
39	10756	0.0	2	10206 460 90
40	13042	0.0	2	12332 638 72
41	34436	0.0	2	32995 1215 226
42	10272	0.0	2	9795 406 71
43	24548	0.0	2	23632 823 93
44	14262	0.0	2	13510 647 105
45	13185	0.0	2	12421 599 165
46	14520	0.0	2	13883 516 121
47	17702	0.0	2	16855 651 196
48	19099	0.0	2	18272 744 83
49	12291	0.0	2	11643 559 89
50	10014	0.0	2	9482 438 94
51	10747	0.0	2	10248 433 66
52	24038	0.0	2	22831 1021 186
53	24827	0.0	2	23697 972 158
54	12106	0.0	2	11535 469 102
55	12778	0.0	2	12035 646 97
56	9182	0.0	2	8648 457 77
57	17375	0.0	2	16528 728 119
58	9674	0.0	2	9133 438 103
59	16707	0.0	2	15966 664 77
60	11122	0.0	2	10486 449 187
61	13209	0.0	2	12601 531 77
62	10514	0.0	2	9919 518 77
63	8721	0.0	2	8177 448 96
64	11293	0.0	2	10669 465 159
65	11095	0.0	2	10554 495 46
66	17055	0.0	2	16239 661 155
67	11545	0.0	2	10970 489 86
68	12342	0.0	2	11675 604 63
69	13174	0.0	2	12408 605 161
70	19375	0.0	2	18481 779 115
71	10633	0.0	2	9986 550 97
72	36480	0.0	2	35108 1162 210
73	14132	0.0	2	13282 645 205
74	11344	0.0	2	10762 483 99
75	11703	0.0	2	11051 496 156
76	12092	0.0	2	11481 497 114
77	22098	0.0	2	21154 819 125
78	8045	0.0	2	7520 466 59
79	20706	0.0	2	19813 767 126
80	18837	0.0	2	17953 686 198
81	16914	0.0	2	16023 731 160
82	16771	0.0	2	15931 641 199
83	21427	0.0	2	20402 879 146
84	14521	0.0	2	13827 571 123
85	15174	0.0	2	14423 619 132
86	15008	0.0	2	14258 639 111
87	13401	0.0	2	12762 533 106
88	9812	0.0	2	9176 537 99
89	20304	0.0	2	18832 1325 147
90	18484	0.0	2	17402 819 263
91	13319	0.0	2	12677 521 121
92	14814	0.0	2	14102 574 138
93	14523	0.0	2	13729 698 96
94	12324	0.0	2	11613 575 136
95	29428	0.0	2	28101 1130 197
96	12755	0.0	2	12120 528 107
97	12473	0.0	2	11803 580 90
98	18227	0.0	2	17216 863 148
99	15551	0.0	2	14761 684 106
100	35870	0.0	2	34199 1431 240
101	16813	0.0	2	15880 788 145
102	11838	0.0	2	11110 587 141
103	246080	0.0	2	235035 9284 1761
104	13150	0.0	2	12374 637 139
105	13795	0.0	2	13020 653 122
106	23304	0.0	2	22201 923 180
107	12311	0.0	2	11602 597 112
108	12527	0.0	2	11848 543 136
109	14148	0.0	2	13348 708 92
110	12003	0.0	2	11305 579 119
111	13322	0.0	2	12497 641 184
112	14340	0.0	2	13626 584 130
113	14485	0.0	2	13713 632 140
114	22059	0.0	2	20991 924 144
115	10803	0.0	2	10163 534 106
116	41636	0.0	2	39673 1707 256
117	11748	0.0	2	11151 503 94
118	32687	0.0	2	31142 1394 151
119	12465	0.0	2	11699 620 146
120	12225	0.0	2	11569 534 122
121	15224	0.0	2	14169 948 107
122	16786	0.0	2	15762 880 144
123	15373	0.0	2	14156 1035 182
124	17857	0.0	2	16551 1156 150
125	34430	0.0	2	30489 3578 363
126	11006	0.0	2	10194 723 89
127	11723	0.0	2	10044 1506 173
128	5933	0.0	2	5363 485 85
129	19928	0.0	2	16534 3127 267
130	9693	0.0	2	9174 454 65
131	10868	0.0	2	9174 1579 115
132	12520	0.0	2	11253 1127 140
133	8391	0.0	2	7733 548 110
134	16091	0.0	2	9386 6351 354
135	14053	0.0	2	13436 540 77
136	15169	0.0	2	13495 1542 132
137	10506	0.0	2	8666 1685 155
138	8657	0.0	2	7994 595 68
139	8673	0.0	2	7316 1216 141
140	4303	0.0	2	3468 235 600
141	8078	0.0	2	7063 531 484
142	32463	0.0	2	30364 994 1105
143	12895	0.0	2	11051 1696 148
144	10058	0.0	2	8905 424 729
145	11407	0.0	2	10999 356 52
146	264586	0.0	2	1500 8931 254155

WARNING:
    One or more of your adapter sequences may be incomplete.
    Please see the detailed output above.
