This is cutadapt 1.18 with Python 2.7.14
Command line parameters: -a TAGTCCCTTAAGCGGAGCCCTATAG -m 20 /project/projects/def-wyeth/RICHMOND/MEASDAY/RAW_DATA/20190129/YSC178_S4_L001_R1_001.fastq.gz.5primetrimmed.fastq -o /project/projects/def-wyeth/RICHMOND/MEASDAY/RAW_DATA/20190129/YSC178_S4_L001_R1_001.fastq.gz.5primetrimmed.3primetrimmed.fastq
Processing reads on 1 core in single-end mode ...
Finished in 48.47 s (17 us/read; 3.63 M reads/minute).

=== Summary ===

Total reads processed:               2,933,628
Reads with adapters:                 1,542,943 (52.6%)
Reads that were too short:             125,395 (4.3%)
Reads written (passing filters):     2,808,233 (95.7%)

Total basepairs processed:   428,309,688 bp
Total written (filtered):    325,107,688 bp (75.9%)

=== Adapter 1 ===

Sequence: TAGTCCCTTAAGCGGAGCCCTATAG; Type: regular 3'; Length: 25; Trimmed: 1542943 times.

No. of allowed errors:
0-9 bp: 0; 10-19 bp: 1; 20-25 bp: 2

Bases preceding removed adapters:
  A: 1.3%
  C: 0.7%
  G: 0.6%
  T: 93.2%
  none/other: 4.2%
WARNING:
    The adapter is preceded by "T" extremely often.
    The provided adapter sequence could be incomplete at its 3' end.

Overview of removed sequences
length	count	expect	max.err	error counts
3	25951	45837.9	0	25951
4	17829	11459.5	0	17829
5	7908	2864.9	0	7908
6	12375	716.2	0	12375
7	14562	179.1	0	14562
8	9002	44.8	0	9002
9	7936	11.2	0	7885 51
10	11218	2.8	1	11026 192
11	7767	0.7	1	7570 197
12	8047	0.2	1	7925 122
13	7608	0.0	1	7484 124
14	5985	0.0	1	5864 121
15	10434	0.0	1	10178 256
16	8057	0.0	1	7703 354
17	7184	0.0	1	7045 139
18	12086	0.0	1	11421 665
19	8926	0.0	1	8658 260 8
20	7506	0.0	2	7285 161 60
21	14888	0.0	2	14488 330 70
22	12174	0.0	2	11573 478 123
23	17063	0.0	2	16246 743 74
24	14583	0.0	2	13166 644 773
25	14381	0.0	2	13603 716 62
26	12673	0.0	2	11688 924 61
27	8842	0.0	2	8208 560 74
28	14696	0.0	2	13629 750 317
29	9557	0.0	2	8897 602 58
30	27569	0.0	2	26221 1045 303
31	10034	0.0	2	9613 364 57
32	9965	0.0	2	9512 312 141
33	9313	0.0	2	8637 537 139
34	15754	0.0	2	14753 536 465
35	22677	0.0	2	21655 908 114
36	10172	0.0	2	9684 440 48
37	11372	0.0	2	10821 400 151
38	14958	0.0	2	13554 1319 85
39	9015	0.0	2	8339 386 290
40	11811	0.0	2	11358 372 81
41	33053	0.0	2	31561 1269 223
42	9981	0.0	2	9373 541 67
43	15995	0.0	2	15235 595 165
44	11366	0.0	2	10756 542 68
45	8371	0.0	2	7527 772 72
46	12553	0.0	2	11984 496 73
47	15836	0.0	2	15244 526 66
48	18187	0.0	2	17336 672 179
49	8343	0.0	2	7390 899 54
50	7952	0.0	2	7363 434 155
51	8633	0.0	2	8275 316 42
52	12389	0.0	2	11827 498 64
53	16666	0.0	2	15815 776 75
54	8700	0.0	2	8227 362 111
55	11070	0.0	2	10557 460 53
56	9132	0.0	2	8652 435 45
57	12494	0.0	2	11830 585 79
58	7113	0.0	2	6804 238 71
59	12538	0.0	2	11594 580 364
60	15907	0.0	2	15355 487 65
61	9944	0.0	2	8911 703 330
62	9998	0.0	2	9609 340 49
63	5225	0.0	2	4782 400 43
64	8861	0.0	2	8337 390 134
65	8589	0.0	2	8184 350 55
66	8979	0.0	2	8345 420 214
67	6947	0.0	2	6656 262 29
68	9492	0.0	2	8854 566 72
69	9697	0.0	2	9079 544 74
70	13702	0.0	2	12924 647 131
71	7525	0.0	2	7109 358 58
72	118126	0.0	2	113138 4295 693
73	7727	0.0	2	7082 598 47
74	7074	0.0	2	6630 216 228
75	6297	0.0	2	5944 328 25
76	8969	0.0	2	8345 494 130
77	12755	0.0	2	12196 503 56
78	5031	0.0	2	4625 377 29
79	11169	0.0	2	10699 419 51
80	11806	0.0	2	11320 429 57
81	10639	0.0	2	10061 523 55
82	10869	0.0	2	10322 480 67
83	14789	0.0	2	13873 833 83
84	8390	0.0	2	7770 575 45
85	9097	0.0	2	8224 800 73
86	6927	0.0	2	6519 326 82
87	7910	0.0	2	7415 443 52
88	5437	0.0	2	5016 386 35
89	8627	0.0	2	7911 536 180
90	10543	0.0	2	9993 482 68
91	7094	0.0	2	6406 637 51
92	8134	0.0	2	7803 292 39
93	5901	0.0	2	5547 315 39
94	5387	0.0	2	5148 187 52
95	14066	0.0	2	13380 587 99
96	6197	0.0	2	5834 334 29
97	5521	0.0	2	4973 361 187
98	8241	0.0	2	7678 446 117
99	7453	0.0	2	7117 288 48
100	13324	0.0	2	12529 613 182
101	8845	0.0	2	8411 373 61
102	5813	0.0	2	5437 321 55
103	98063	0.0	2	93365 3949 749
104	6515	0.0	2	5984 257 274
105	5016	0.0	2	4658 283 75
106	9230	0.0	2	8632 504 94
107	4574	0.0	2	4326 213 35
108	5542	0.0	2	5214 274 54
109	5228	0.0	2	4970 223 35
110	4130	0.0	2	3841 221 68
111	4802	0.0	2	4451 262 89
112	5119	0.0	2	4842 247 30
113	4973	0.0	2	4721 215 37
114	6274	0.0	2	5951 273 50
115	3977	0.0	2	3656 263 58
116	10364	0.0	2	9893 403 68
117	3097	0.0	2	2794 255 48
118	8945	0.0	2	8475 422 48
119	4329	0.0	2	4086 199 44
120	3806	0.0	2	3528 244 34
121	4671	0.0	2	4272 353 46
122	4513	0.0	2	4228 253 32
123	4164	0.0	2	3787 329 48
124	4402	0.0	2	4035 322 45
125	7158	0.0	2	6242 838 78
126	3382	0.0	2	3034 294 54
127	3164	0.0	2	2632 484 48
128	1852	0.0	2	1686 120 46
129	5238	0.0	2	4327 842 69
130	2237	0.0	2	2104 108 25
131	2899	0.0	2	2349 515 35
132	3428	0.0	2	3143 259 26
133	2259	0.0	2	2065 172 22
134	4622	0.0	2	2299 2211 112
135	3239	0.0	2	3079 146 14
136	4057	0.0	2	3527 475 55
137	3031	0.0	2	2372 625 34
138	2334	0.0	2	2184 141 9
139	2137	0.0	2	1866 252 19
140	1133	0.0	2	814 84 235
141	1948	0.0	2	1652 175 121
142	7962	0.0	2	7345 268 349
143	3220	0.0	2	2636 522 62
144	2674	0.0	2	2356 104 214
145	3311	0.0	2	3122 157 32
146	64650	0.0	2	418 2022 62210

WARNING:
    One or more of your adapter sequences may be incomplete.
    Please see the detailed output above.
