This is cutadapt 1.18 with Python 2.7.14
Command line parameters: -a TAGTCCCTTAAGCGGAGCCCTATAG -m 20 /project/projects/def-wyeth/RICHMOND/MEASDAY/RAW_DATA/20190129/YSC185_S2_L001_R1_001.fastq.gz.5primetrimmed.fastq -o /project/projects/def-wyeth/RICHMOND/MEASDAY/RAW_DATA/20190129/YSC185_S2_L001_R1_001.fastq.gz.5primetrimmed.3primetrimmed.fastq
Processing reads on 1 core in single-end mode ...
Finished in 39.20 s (16 us/read; 3.69 M reads/minute).

=== Summary ===

Total reads processed:               2,408,077
Reads with adapters:                 1,679,915 (69.8%)
Reads that were too short:             199,991 (8.3%)
Reads written (passing filters):     2,208,086 (91.7%)

Total basepairs processed:   351,579,242 bp
Total written (filtered):    222,747,335 bp (63.4%)

=== Adapter 1 ===

Sequence: TAGTCCCTTAAGCGGAGCCCTATAG; Type: regular 3'; Length: 25; Trimmed: 1679915 times.

No. of allowed errors:
0-9 bp: 0; 10-19 bp: 1; 20-25 bp: 2

Bases preceding removed adapters:
  A: 1.2%
  C: 0.8%
  G: 0.5%
  T: 92.4%
  none/other: 5.2%
WARNING:
    The adapter is preceded by "T" extremely often.
    The provided adapter sequence could be incomplete at its 3' end.

Overview of removed sequences
length	count	expect	max.err	error counts
3	15283	37626.2	0	15283
4	11207	9406.6	0	11207
5	6821	2351.6	0	6821
6	7043	587.9	0	7043
7	6788	147.0	0	6788
8	5686	36.7	0	5686
9	5120	9.2	0	5120
10	6813	2.3	1	6601 212
11	4840	0.6	1	4688 152
12	7010	0.1	1	6907 103
13	6119	0.0	1	6005 114
14	7293	0.0	1	7170 123
15	6883	0.0	1	6626 257
16	9102	0.0	1	8726 376
17	6646	0.0	1	6466 180
18	10887	0.0	1	10535 352
19	9474	0.0	1	9080 387 7
20	6279	0.0	2	5985 252 42
21	9677	0.0	2	9416 218 43
22	12290	0.0	2	11666 500 124
23	9759	0.0	2	8920 770 69
24	9634	0.0	2	8718 844 72
25	10653	0.0	2	9742 421 490
26	9752	0.0	2	8989 708 55
27	8265	0.0	2	7836 369 60
28	14909	0.0	2	13983 832 94
29	6385	0.0	2	6104 236 45
30	27595	0.0	2	26074 1333 188
31	11351	0.0	2	10905 384 62
32	7566	0.0	2	7226 300 40
33	6516	0.0	2	6202 274 40
34	10615	0.0	2	10144 413 58
35	20495	0.0	2	19171 1163 161
36	7974	0.0	2	7439 444 91
37	11078	0.0	2	10481 522 75
38	13326	0.0	2	12312 671 343
39	9026	0.0	2	8540 393 93
40	9532	0.0	2	8825 506 201
41	24451	0.0	2	23424 899 128
42	9469	0.0	2	8993 424 52
43	14980	0.0	2	14281 552 147
44	10008	0.0	2	9303 636 69
45	10542	0.0	2	9979 508 55
46	14796	0.0	2	13761 930 105
47	16412	0.0	2	15327 976 109
48	12893	0.0	2	12207 530 156
49	9979	0.0	2	9473 349 157
50	8352	0.0	2	7824 477 51
51	8101	0.0	2	7220 835 46
52	13678	0.0	2	12970 599 109
53	13430	0.0	2	12631 720 79
54	9078	0.0	2	8678 338 62
55	11290	0.0	2	10759 434 97
56	8730	0.0	2	8075 468 187
57	13033	0.0	2	12252 705 76
58	9941	0.0	2	9392 487 62
59	18569	0.0	2	17599 866 104
60	28528	0.0	2	27053 1348 127
61	11014	0.0	2	10528 428 58
62	9111	0.0	2	8662 368 81
63	8481	0.0	2	8114 311 56
64	9228	0.0	2	8714 435 79
65	10193	0.0	2	9569 539 85
66	12199	0.0	2	11380 734 85
67	10484	0.0	2	9966 450 68
68	8931	0.0	2	8510 369 52
69	11696	0.0	2	10949 475 272
70	15169	0.0	2	14455 635 79
71	9872	0.0	2	9178 516 178
72	73923	0.0	2	70574 2880 469
73	10011	0.0	2	9353 576 82
74	8507	0.0	2	8048 411 48
75	7654	0.0	2	7202 396 56
76	11777	0.0	2	11007 579 191
77	15162	0.0	2	14334 562 266
78	7377	0.0	2	6658 657 62
79	12788	0.0	2	12186 487 115
80	14013	0.0	2	13397 532 84
81	13975	0.0	2	13232 650 93
82	13831	0.0	2	12904 673 254
83	14723	0.0	2	14008 645 70
84	12717	0.0	2	12095 513 109
85	12248	0.0	2	11672 469 107
86	11984	0.0	2	11237 666 81
87	9454	0.0	2	8500 874 80
88	8822	0.0	2	8276 481 65
89	11096	0.0	2	10333 686 77
90	13528	0.0	2	12831 617 80
91	11409	0.0	2	10656 674 79
92	10217	0.0	2	9625 461 131
93	8620	0.0	2	8197 372 51
94	8310	0.0	2	7879 377 54
95	18022	0.0	2	17064 850 108
96	11205	0.0	2	10603 537 65
97	11602	0.0	2	10919 579 104
98	11251	0.0	2	10556 643 52
99	11125	0.0	2	10549 503 73
100	17001	0.0	2	15888 969 144
101	10588	0.0	2	9974 508 106
102	6979	0.0	2	6553 383 43
103	121743	0.0	2	114813 5959 971
104	8579	0.0	2	7717 767 95
105	9322	0.0	2	8848 420 54
106	11511	0.0	2	10897 531 83
107	6797	0.0	2	6329 413 55
108	10721	0.0	2	10118 552 51
109	6288	0.0	2	5962 284 42
110	5565	0.0	2	5279 235 51
111	7688	0.0	2	7209 425 54
112	8212	0.0	2	7801 302 109
113	7821	0.0	2	7340 405 76
114	8210	0.0	2	7640 421 149
115	8831	0.0	2	8316 426 89
116	13621	0.0	2	12709 825 87
117	5982	0.0	2	5640 297 45
118	11264	0.0	2	10728 466 70
119	7243	0.0	2	6865 303 75
120	7159	0.0	2	6705 408 46
121	7733	0.0	2	7163 491 79
122	6288	0.0	2	5741 496 51
123	7742	0.0	2	6958 704 80
124	7156	0.0	2	6488 573 95
125	11222	0.0	2	9252 1734 236
126	4977	0.0	2	4636 285 56
127	5857	0.0	2	4970 813 74
128	3323	0.0	2	3065 225 33
129	8398	0.0	2	6669 1581 148
130	4620	0.0	2	4350 244 26
131	4843	0.0	2	4100 577 166
132	6550	0.0	2	5625 854 71
133	4006	0.0	2	3757 222 27
134	7703	0.0	2	4749 2815 139
135	6448	0.0	2	6013 414 21
136	7858	0.0	2	6921 891 46
137	6182	0.0	2	4810 1282 90
138	3881	0.0	2	3601 237 43
139	4465	0.0	2	3690 724 51
140	1932	0.0	2	1384 151 397
141	4346	0.0	2	3752 252 342
142	15562	0.0	2	14251 598 713
143	5945	0.0	2	5036 815 94
144	5302	0.0	2	4638 222 442
145	6124	0.0	2	5892 213 19
146	86646	0.0	2	765 3458 82423

WARNING:
    One or more of your adapter sequences may be incomplete.
    Please see the detailed output above.
