This is cutadapt 1.18 with Python 2.7.14
Command line parameters: -a TAGTCCCTTAAGCGGAGCCCTATAG -m 20 /project/projects/def-wyeth/RICHMOND/MEASDAY/RAW_DATA/20190129/YSC189_S3_L001_R1_001.fastq.gz.5primetrimmed.fastq -o /project/projects/def-wyeth/RICHMOND/MEASDAY/RAW_DATA/20190129/YSC189_S3_L001_R1_001.fastq.gz.5primetrimmed.3primetrimmed.fastq
Processing reads on 1 core in single-end mode ...
Finished in 58.73 s (16 us/read; 3.71 M reads/minute).

=== Summary ===

Total reads processed:               3,631,355
Reads with adapters:                 3,138,033 (86.4%)
Reads that were too short:           1,064,536 (29.3%)
Reads written (passing filters):     2,566,819 (70.7%)

Total basepairs processed:   530,177,830 bp
Total written (filtered):    208,236,265 bp (39.3%)

=== Adapter 1 ===

Sequence: TAGTCCCTTAAGCGGAGCCCTATAG; Type: regular 3'; Length: 25; Trimmed: 3138033 times.

No. of allowed errors:
0-9 bp: 0; 10-19 bp: 1; 20-25 bp: 2

Bases preceding removed adapters:
  A: 1.6%
  C: 0.6%
  G: 0.5%
  T: 77.4%
  none/other: 19.8%

Overview of removed sequences
length	count	expect	max.err	error counts
3	8178	56739.9	0	8178
4	9868	14185.0	0	9868
5	4845	3546.2	0	4845
6	6506	886.6	0	6506
7	5194	221.6	0	5194
8	4975	55.4	0	4975
9	5265	13.9	0	5207 58
10	5229	3.5	1	5050 179
11	6337	0.9	1	6250 87
12	5725	0.2	1	5574 151
13	4520	0.1	1	4265 255
14	4114	0.0	1	3732 382
15	8301	0.0	1	8148 153
16	6888	0.0	1	6544 344
17	6271	0.0	1	6081 190
18	10381	0.0	1	10012 369
19	5612	0.0	1	5418 194
20	6012	0.0	2	5691 279 42
21	9508	0.0	2	9118 331 59
22	9742	0.0	2	9208 452 82
23	10562	0.0	2	10059 455 48
24	8556	0.0	2	8048 455 53
25	10430	0.0	2	9794 584 52
26	8382	0.0	2	7923 391 68
27	6860	0.0	2	6473 354 33
28	12218	0.0	2	11530 579 109
29	5725	0.0	2	5258 292 175
30	23689	0.0	2	22746 847 96
31	8868	0.0	2	8434 377 57
32	8627	0.0	2	8278 309 40
33	6593	0.0	2	6208 317 68
34	13108	0.0	2	12205 783 120
35	18583	0.0	2	17656 805 122
36	7860	0.0	2	7472 331 57
37	12096	0.0	2	11561 471 64
38	11022	0.0	2	10124 750 148
39	8348	0.0	2	7858 385 105
40	10027	0.0	2	9450 402 175
41	29690	0.0	2	28495 1053 142
42	8660	0.0	2	8222 393 45
43	16675	0.0	2	16033 583 59
44	9899	0.0	2	9344 392 163
45	9052	0.0	2	8621 352 79
46	12666	0.0	2	11991 603 72
47	17821	0.0	2	16986 755 80
48	17735	0.0	2	16867 773 95
49	8893	0.0	2	8304 410 179
50	7772	0.0	2	7258 420 94
51	10084	0.0	2	9663 369 52
52	16148	0.0	2	15256 810 82
53	22125	0.0	2	20624 1308 193
54	9718	0.0	2	9219 406 93
55	12546	0.0	2	11933 469 144
56	8356	0.0	2	7849 441 66
57	16564	0.0	2	15635 845 84
58	9911	0.0	2	9545 330 36
59	16143	0.0	2	15162 653 328
60	9801	0.0	2	9174 567 60
61	12981	0.0	2	12201 619 161
62	9993	0.0	2	9421 519 53
63	8223	0.0	2	7713 427 83
64	12983	0.0	2	12232 583 168
65	9134	0.0	2	8788 302 44
66	15199	0.0	2	14534 556 109
67	12325	0.0	2	11800 422 103
68	11721	0.0	2	11175 481 65
69	12360	0.0	2	11722 548 90
70	20360	0.0	2	19327 762 271
71	10850	0.0	2	10189 572 89
72	61513	0.0	2	59441 1811 261
73	11330	0.0	2	10658 404 268
74	11777	0.0	2	11306 375 96
75	10788	0.0	2	10175 563 50
76	12884	0.0	2	12121 599 164
77	22046	0.0	2	21077 838 131
78	9053	0.0	2	8572 431 50
79	20320	0.0	2	19248 871 201
80	17836	0.0	2	17118 655 63
81	15312	0.0	2	14479 604 229
82	15073	0.0	2	14279 563 231
83	25167	0.0	2	24244 819 104
84	15041	0.0	2	14343 494 204
85	16289	0.0	2	15411 802 76
86	14552	0.0	2	13856 560 136
87	14063	0.0	2	13051 934 78
88	12281	0.0	2	11731 483 67
89	18654	0.0	2	17241 1253 160
90	19012	0.0	2	18128 690 194
91	16214	0.0	2	15525 624 65
92	15719	0.0	2	15043 602 74
93	15728	0.0	2	15008 527 193
94	13570	0.0	2	13018 475 77
95	31405	0.0	2	29957 1269 179
96	14601	0.0	2	13876 655 70
97	15539	0.0	2	14870 605 64
98	21308	0.0	2	19929 1256 123
99	17360	0.0	2	16588 633 139
100	38746	0.0	2	36650 1926 170
101	20400	0.0	2	19244 1009 147
102	15966	0.0	2	15115 540 311
103	213466	0.0	2	203750 8300 1416
104	15685	0.0	2	14616 878 191
105	17430	0.0	2	16634 649 147
106	24229	0.0	2	23129 946 154
107	16690	0.0	2	15599 957 134
108	18413	0.0	2	17611 607 195
109	17691	0.0	2	16859 707 125
110	14458	0.0	2	13532 811 115
111	18274	0.0	2	17170 842 262
112	18443	0.0	2	17410 850 183
113	19934	0.0	2	18923 862 149
114	26766	0.0	2	25538 1081 147
115	15947	0.0	2	15220 632 95
116	50531	0.0	2	48097 2167 267
117	19387	0.0	2	18399 767 221
118	49409	0.0	2	47387 1753 269
119	19714	0.0	2	18787 816 111
120	20721	0.0	2	19576 1003 142
121	25447	0.0	2	23581 1667 199
122	23763	0.0	2	22204 1314 245
123	24402	0.0	2	22238 1781 383
124	25408	0.0	2	23750 1442 216
125	49552	0.0	2	43782 5341 429
126	16777	0.0	2	15536 1054 187
127	23176	0.0	2	20406 2500 270
128	10873	0.0	2	9993 788 92
129	35572	0.0	2	30242 4899 431
130	18024	0.0	2	17044 849 131
131	18418	0.0	2	16074 2209 135
132	25568	0.0	2	22452 2718 398
133	15370	0.0	2	14137 1142 91
134	29175	0.0	2	16492 11983 700
135	25574	0.0	2	24394 1103 77
136	30893	0.0	2	27624 3070 199
137	21300	0.0	2	16609 4427 264
138	16530	0.0	2	15400 998 132
139	16777	0.0	2	14572 1993 212
140	9276	0.0	2	7666 561 1049
141	14664	0.0	2	12474 955 1235
142	62800	0.0	2	58722 2076 2002
143	24754	0.0	2	20725 3496 533
144	22620	0.0	2	19861 1085 1674
145	21145	0.0	2	20333 759 53
146	622027	0.0	2	3937 21354 596736

